229
19586 45726
53729 70647
6634 78714
40912 77878
64191 89083
4444 6415
37719 41558
79215 83755
33172 4092
86633 80528
24250 61437
12943 48752
52745 1931
47333 41239
17774 84907
93840 22692
29596 33218
28466 89880
36986 23920
66332 24000
76914 95801
20280 91654
41193 26899
27919 82002
7657 5264
39852 24059
95194 56495
67557 60670
65378 88228
48463 20079
3508 54938
83104 99150
24614 63434
85880 84625
48975 62773
69091 4441
59837 46898
27891 11725
3279 51715
31642 84820
97057 37475
85025 55067
67033 34788
44607 16791
97342 61817
44037 14569
83131 95640
14798 33392
79684 31478
64782 21731
36022 63825
24330 49144
30108 48506
9631 85514
52418 82597
57837 31328
28338 79741
23806 29647
1059 31359
27944 7197
29542 3955
15172 38774
96074 92041
5055 95031
87380 80783
6785 21208
59511 1905
94035 98090
90107 54563
66545 45440
58886 72710
42880 11865
23945 82326
22230 8263
55509 39688
27717 37460
95670 52564
70363 21452
45994 23697
65295 80342
21639 42655
96312 58341
58990 88147
21215 88339
32693 78908
38083 7811
7527 17451
88995 89277
85581 95872
95006 56018
11081 59379
8208 95630
18859 60140
74371 1925
44687 4619
99291 57185
11483 48142
36468 91733
53858 40428
12356 46960
83836 68184
92082 43912
98295 43472
36843 97940
81951 47997
19768 43277
42601 76207
20389 84382
86048 84719
54737 90880
37734 4498
35241 2922
81899 5500
16216 43561
19326 58071
17959 22256
62351 33600
33304 73210
67068 57321
88695 33542
85514 17400
90945 86395
58657 68555
76654 51439
39192 76699
72816 25508
27832 35837
8682 67884
38877 35445
34817 26513
18325 34878
88595 50051
32637 95270
80918 92316
58511 49601
93614 94293
85637 92365
35842 95461
80968 69449
4349 55783
13278 34346
15875 73083
30447 88996
57254 45052
80127 24777
20113 42117
43351 50508
1526 303
7826 86465
21154 47757
7102 52697
15582 49123
54214 45680
26259 44996
90044 19400
29336 8227
57144 40179
17102 67705
29437 8041
22676 77744
52398 20204
23105 14162
17324 87399
82576 9004
3299 6211
7479 82708
79627 70416
72367 6909
31832 83345
22799 76551
18997 76295
77047 12668
2785 6025
52446 33525
38752 93024
64577 20564
56643 26025
58090 60790
38421 1637
34121 27738
3034 97859
85657 22049
27694 98881
55864 60826
29219 19678
36719 18312
89596 50193
57888 72866
98796 35193
20557 61505
74297 28980
17669 80753
67330 51425
84309 8402
94684 72213
15596 75433
62727 68156
72381 89798
95435 28012
27587 43997
53535 76280
58832 83898
80484 66104
1486 28607
80299 4297
20162 53055
89473 55176
35889 20694
28948 73726
74722 66358
91355 24003
74668 16068
53755 90624
21207 43888
26290 7558
99839 47519
58796 23573
25562 97953
22107 44989
46560 19049
40345 99021
6580 29611
12424 75573
73510 83547
98911 31000
42702 99551
27135 47596
28701 8302
63170 73143
