84 42 447794760
42 42 3795792705
84 42 261094380
84 42 1593072410
42 42 5718326895
42 42 28508302
462 42 142502424
210 42 1326930507
168 42 33934998
42 42 6976382266
42 42 1489847292
42 42 630997178
42 42 101850637
462 42 177451459
42 42 1509137060
504 42 177451482
84 42 491560006
84 42 1279262082
84 42 442352602
168 42 397992042
42 42 7368438156
84 42 929371602
42 42 1108050549
42 42 2289413880
42 42 40306490
42 42 958799310
42 42 5377985072
42 42 4098683232
84 42 2884085134
42 42 973088619
84 42 96361294
84 42 4119880842
84 42 780682280
210 42 1453519042
42 42 3074307717
42 42 306833173
42 42 2806235668
42 42 327022017
42 42 169573527
84 42 1341937262
42 42 3637211117
42 42 4682071717
42 42 2331944046
126 42 249665421
294 42 859627244
42 42 641575095
42 42 7950648882
84 42 247067450
84 42 1254146518
42 42 1407777684
42 42 2299104192
84 42 597836802
84 42 730209366
42 42 823585376
42 42 4329569588
42 42 1811917578
42 42 2259700500
42 42 705776524
126 42 11069769
42 42 201113010
42 42 116838652
84 42 294139606
42 42 8842747076
126 42 160127277
42 42 7058818582
42 42 143896322
126 42 37789527
210 42 1844778672
42 42 4916508283
210 42 604761002
84 42 2140800572
210 42 101754282
42 42 1971296112
42 42 183686532
42 42 2203041234
42 42 1038278862
84 42 2514398982
42 42 1509427118
42 42 1089919860
42 42 5245930932
42 42 923011587
126 42 1872979506
42 42 5199791572
42 42 1874111927
42 42 2579739286
42 42 297466355
126 42 43784601
126 42 2648402247
42 42 8204821674
84 42 2661023096
42 42 657978741
84 42 392465562
42 42 1134180302
462 42 13014967
42 42 206409295
42 42 5677955877
42 42 552814628
42 42 3345319086
84 42 1088685654
168 42 145059482
168 42 1429068498
84 42 2021752434
42 42 4273080282
42 42 3608403462
126 42 1311134091
42 42 855499778
42 42 3246494449
42 42 1720464640
42 42 7289900554
42 42 4974498602
84 42 84863808
126 42 34324776
42 42 450444542
42 42 706385218
126 42 374093424
42 42 399695546
42 42 2094993642
84 42 1219092962
1134 42 142385406
42 42 2975007732
84 42 743971842
210 42 1571438697
42 42 4021230677
42 42 3943005148
42 42 3005987250
168 42 464347674
42 42 997415426
252 42 98228190
126 42 459331797
42 42 923103163
42 42 639139392
42 42 4434268387
42 42 3109327032
84 42 3735013086
42 42 2902204153
42 42 8827144944
1218 42 272753887
42 42 3421513204
42 42 5623146674
42 42 242600309
84 42 228023136
42 42 1160192667
42 42 2709661254
84 42 1289703646
378 42 220589673
42 42 847099263
42 42 2189572350
42 42 462420
42 42 676675132
42 42 1010251620
42 42 374254136
42 42 765434628
84 42 1238247802
42 42 1181550006
168 42 436713442
798 42 12702530
126 42 765329634
42 42 1157890952
42 42 236702959
168 42 440730778
84 42 529324638
42 42 327213052
42 42 1514100318
168 42 185878618
42 42 20490131
42 42 618573174
42 42 5607014874
42 42 499983645
42 42 2653038082
42 42 1745286291
42 42 1449376157
42 42 976031438
210 42 3355967
126 42 586084092
1344 42 112652106
42 42 1327961470
126 42 491378067
420 42 353129152
42 42 62895219
42 42 946448340
42 42 296904248
42 42 1888651235
2562 42 44892016
84 42 1698991874
42 42 574971524
42 42 672398370
546 42 345930198
84 42 2109033546
126 42 1158975918
42 42 1264358327
42 42 2153127102
42 42 1426824799
210 42 692489092
42 42 708364260
42 42 6837415734
42 42 1176453110
42 42 4275221454
42 42 6499669080
42 42 2673325262
42 42 1213745281
210 42 816730002
84 42 2467943610
168 42 1330078626
42 42 42510044
42 42 345044845
42 42 1069694952
42 42 4936762290
126 42 247562364
84 42 1067110166
84 42 2479201280
42 42 2192794107
168 42 299941398
42 42 4871493162
42 42 930732858
84 42 99349952
42 42 4744249483
42 42 1385998150
42 42 2503874628
42 42 994571865
42 42 886921482
42 42 3995002287
42 42 194840422
42 42 938918994
42 42 6141540012
42 42 3066241042
42 42 4251026844
42 42 1291517502
42 42 238275744
42 42 4620443352
