10000
28006
26099
40265
63068
48162
55650
84528
25656
41752
51947
55945
28250
26268
89412
69659
31563
72121
60024
6916
24723
78810
95586
85920
68038
58521
91656
59002
50744
77431
3453
58546
45500
53456
43660
55250
73184
90504
54415
14789
17731
42197
90610
83500
79231
82772
46448
79982
73875
64860
10534
84480
32386
31394
64609
63226
13959
31141
75651
21735
89308
64631
39215
36314
39218
8563
57311
69007
23405
1286
60375
17619
28345
95088
74452
60830
4707
58380
54002
36817
82333
31058
70039
92667
1809
96138
73083
61705
49871
24474
50991
93245
36055
64358
70219
97899
68444
3916
11777
65968
80431
24545
88356
57649
98207
97072
84950
14160
49863
35336
47447
88868
37471
90233
44471
96822
63915
90489
68952
94634
95246
60391
21596
55749
19087
73749
54093
41748
55731
92706
2597
40816
59098
54843
39228
29776
43231
86303
46371
1599
89875
63975
39663
87643
52151
77996
68243
33200
5648
42003
91470
67051
3262
59578
6603
16560
49866
91269
69067
49522
39205
27747
94095
9233
50930
99991
74820
34124
84125
3215
7620
38178
89297
36803
9754
30954
30827
41261
19732
56587
99435
32599
98521
37365
47975
17862
27481
76509
78148
82012
73979
92784
61749
80501
43509
22140
35014
13016
84439
78344
44750
48719
19049
51962
88502
51873
45447
28084
92402
34140
99983
26081
94009
41339
36694
47995
10634
39766
98395
81322
96992
68246
21181
52141
88710
9259
43819
17617
48327
4382
38559
29578
95130
26248
45864
57237
46130
93029
89160
67496
22384
8990
49603
69614
98052
6087
59484
76280
77623
75836
58007
94312
53923
47618
77468
72092
31166
99811
22714
11930
41061
61434
34699
93698
47698
67908
6741
98982
31006
54356
90020
59269
20980
83671
46564
95307
51373
93770
55196
91488
55414
84743
61983
54074
4395
31904
67380
98314
11607
6678
17694
78586
53991
74982
51618
31858
57906
98988
59412
90328
70271
46245
48676
12957
20623
90408
33144
56493
49198
34250
26675
18514
58789
40243
79279
56169
83695
35553
81411
15349
29641
26343
5180
8028
52223
49590
83672
15691
76587
24477
29279
29024
6431
42041
39373
89760
47096
3797
59634
43811
78180
83085
66001
95926
14518
53831
64834
81305
79011
84114
34713
11684
38037
71146
74542
47328
11855
3600
86335
38730
60051
57245
57837
65167
77775
60767
93493
32377
72114
2540
7532
8568
52388
80456
63515
58542
94096
86465
36097
7382
80557
18286
64348
46570
8376
43324
85729
42680
49716
37614
77961
1610
16831
32697
34844
86068
51796
60778
48848
16954
36852
93093
29022
52743
30748
89128
59366
99715
25689
40147
8236
50955
90345
67797
91809
61100
81168
93294
98491
88642
11222
71638
67522
29327
27612
21361
7180
3113
65898
71150
72990
59108
9784
25298
66542
40705
64814
19771
37504
54548
28136
43111
2668
71183
90751
74367
36652
45946
5881
20973
98926
11099
1336
10758
38359
41921
95949
59848
24864
46448
17861
64585
9922
48863
71035
3688
27886
62786
30062
80007
67300
80270
24100
20651
67496
96601
72720
39133
91118
7927
1195
33908
44075
72587
43323
63198
38782
90456
7540
14530
42299
64577
86429
80711
52115
12957
70067
86192
39990
6615
87419
42372
60769
90309
60425
92861
93119
26068
1325
64488
87573
14267
18676
42574
88113
84359
3617
51374
58808
22220
89152
22472
83832
43609
29816
52003
79647
57227
13637
28103
41849
2650
88771
49222
6212
98639
21718
22512
63520
28122
24568
5314
15231
17599
41974
50536
78039
8585
75761
97144
52493
35974
11930
5929
41925
29253
86178
72986
32498
60832
51957
42959
35020
99860
54484
57734
68286
87015
47848
91090
88055
28352
99568
3392
6524
2994
55637
7476
39919
39078
96945
49791
42994
62217
54909
34968
55141
58645
48540
87168
10665
6669
39504
61434
2226
6091
71821
66974
14222
61575
5792
4869
33046
20257
14630
54136
42457
47877
27895
48721
97507
86808
97301
22601
11577
9623
37490
71579
50117
32793
94968
72669
36937
18748
48822
21680
40275
49588
46578
22683
32166
27838
70311
7068
88825
15476
24550
39324
81325
74597
60385
15290
65740
55374
23779
41051
66582
10417
84924
61899
9883
29412
26376
34244
12541
25690
51986
22941
97387
34821
52264
96678
86027
83845
38589
18208
81506
76963
47276
92603
34157
82719
1452
76198
94706
99153
56608
25347
18965
21977
98500
83786
90519
62666
80660
56897
78144
84418
43055
79180
96906
69259
35595
40859
58484
8678
51231
18753
31345
13349
38398
42629
24201
26792
54667
59789
96057
6941
82565
34861
87372
45444
23441
20259
84445
45951
60208
49617
92025
50195
98589
99285
61715
55923
73699
88668
86365
92872
16934
93807
32125
43108
48885
70169
24593
63876
23416
40548
57635
56770
98621
73831
63041
41668
49799
64509
2478
25017
76378
91835
56345
66429
16598
10310
61397
32898
52438
26659
12343
17143
72729
2155
83194
11786
41249
9835
9284
94422
9838
43374
52299
44460
39531
14332
27848
98787
5776
65340
65311
20580
78658
71990
99719
91839
47003
57705
36817
37099
46894
72251
51718
56592
32076
31311
63702
35275
94314
32207
92483
18629
30239
47968
2366
45318
23323
80404
42631
16580
17252
82234
50212
69965
66903
80796
78211
6258
76559
35291
20534
66741
2962
44251
14483
27584
39467
98203
90112
50746
7716
17526
74366
1303
52656
73189
73065
62864
53359
15676
74657
25905
20207
41704
97713
34767
92135
50689
60642
51481
18084
83714
31073
66267
64437
13440
54703
75899
93089
6680
90564
96259
21784
3652
70766
75248
18374
25040
95233
47183
76279
30572
27985
51701
56633
35453
85593
23829
88282
40115
30983
42713
98779
26207
14864
37912
45877
55097
86578
20879
57574
81075
40670
49531
17253
15939
24211
77685
11735
21785
43485
67398
12987
20481
59828
70992
61314
15258
34471
92159
20555
44307
97245
73586
34195
85904
4602
80425
31857
76980
21037
52049
81415
29126
25304
2658
4066
87570
74599
68336
23517
67570
35005
20942
14040
93746
41132
10910
23498
16659
36951
99952
79727
97592
72804
45660
70244
78052
90114
22352
80235
49803
17820
60319
73971
6976
51969
68549
39932
24407
56642
37105
75364
84836
12307
32507
49592
88169
92302
25053
29600
91018
20559
28443
8374
65030
42116
99170
34904
69869
83118
90439
52345
23857
77679
45437
6628
76448
53148
10479
27030
84788
76995
83326
82170
55998
70511
47651
50235
69634
58025
57894
95237
68852
13392
27178
60245
29972
66225
68957
5686
77165
23233
38702
14910
73473
43920
11189
65061
75923
18201
68193
73455
20694
30470
31801
7613
16373
75836
96655
77175
58930
79155
31323
15868
39812
73878
85504
90266
34448
65433
7145
93324
13774
72459
35281
21465
2402
60419
60057
15572
80126
91881
8258
67206
77764
61174
95274
23495
67918
62494
49450
84235
68817
38062
68304
47758
68195
96875
40147
21930
86831
11772
99056
67211
84667
33250
62346
75136
51573
27318
12083
29296
15933
8354
51601
2220
71194
12087
20802
49348
76927
48042
14416
56199
30371
66593
49847
85683
63756
43312
67852
29282
79007
23968
98228
66150
3296
51729
68794
55499
18069
21379
52688
94583
11238
29055
83498
44217
73730
44152
78880
88319
34555
96035
77798
80167
51152
78414
83881
57895
89120
9702
45444
95117
41022
33765
91810
27455
92714
64579
58861
49780
97164
22830
63349
8137
20221
80159
88209
93054
80411
30712
26617
66569
87123
30209
26691
30438
42248
74293
25877
46713
37478
48637
36700
60115
84349
57285
21279
77511
22917
26353
45939
98413
63732
52977
95262
43671
57176
32046
5384
45001
14416
42281
60636
2374
3106
25148
85808
33405
5403
93417
21298
36748
27157
78582
61861
29015
31711
76814
96237
4217
25287
24489
4025
74528
59781
98182
31333
97249
22655
75611
4938
50815
20433
27474
51388
74195
56403
73139
6256
38029
86097
77703
71036
63809
63958
45086
18385
2416
14299
32109
55981
2065
9815
4081
5969
39554
64693
91035
49340
5354
56635
35962
11340
2628
5512
37593
98167
47246
86096
1072
13972
13910
29853
66426
99893
76906
30258
91039
81890
48985
46071
39608
85843
62340
97638
78457
80492
80993
74155
85526
25719
96694
53177
79211
41574
4094
29896
16610
30531
97859
4903
77247
71044
12598
2990
27134
33866
78297
7065
81073
4541
87234
48881
51356
3132
44853
28052
55497
69777
23275
80964
83572
33505
10855
18965
87156
45393
21303
56342
25509
95545
24138
36529
3275
91254
58713
59725
8045
69715
67052
76163
73659
4583
2876
55610
84270
94283
56089
22024
50280
72712
30430
31681
23819
82901
18202
65219
25866
14525
50052
43328
23544
67300
43180
15284
38840
80855
50107
92178
66390
88938
55346
83813
46286
64827
50242
12063
92974
76324
68847
20218
54507
63589
69801
46834
35839
20187
73709
34062
96624
28507
99550
52515
87661
18050
75386
27177
76781
10893
37956
8933
92161
26226
72934
96762
27795
73430
37876
61583
50851
34103
17963
91315
16622
93134
82886
57138
79406
75820
72077
34985
35122
74618
42419
14717
65936
34329
11543
37190
25368
36062
64166
73137
43900
77986
16615
45498
34740
11903
41214
91722
89931
43450
3598
51770
67285
49693
80651
95923
15712
8696
85997
29296
48829
1024
70218
63908
23200
56792
65724
5698
98687
44372
18944
88505
36060
96379
82371
62332
10983
38225
21725
8503
90429
11615
11175
42863
52117
16047
97551
14522
74973
90165
58340
3337
22306
64986
28122
62739
7037
85333
69074
39772
49354
75354
88922
72603
74090
56822
12697
31644
68552
34540
65206
71373
66203
11388
16342
92849
30204
4484
2036
6485
88751
49010
80756
32993
70602
42105
8693
33406
36731
18043
98063
68065
32552
67807
8673
87398
40900
28946
25261
66986
29764
93361
41843
86114
84449
30170
88043
17792
3577
35657
39969
67581
90220
40161
70052
79984
28743
6554
24123
26795
73337
77489
44681
15164
38609
14005
14429
54433
54028
76846
29672
7672
58692
21918
97621
96934
91217
25876
92095
52103
64394
38996
96095
18981
33103
23853
57278
43532
1899
34372
65020
71228
27997
88395
18368
98291
35109
63232
47711
59532
76118
95394
42329
42237
24273
98140
21746
24375
23985
57327
51604
17323
58022
39239
44804
44879
57908
17656
5149
63966
83902
53531
25983
59581
14705
7394
76440
68444
64729
40995
67006
93386
42246
64851
50513
91267
23427
70412
64157
3997
53342
32557
13364
31898
16651
89259
38025
27799
93447
17681
18602
18228
42083
29110
15603
87650
60302
63832
54321
56179
98068
61146
91847
84717
60993
96855
23510
14505
25166
58947
93072
89513
81612
42920
15084
63769
57336
75563
83755
76507
89210
54316
3304
96327
40083
60367
80206
90122
33876
79440
85755
31186
92535
62851
94023
17222
19970
53059
57911
61733
92269
71956
81092
77052
3128
72089
72678
1473
82630
17857
82085
37672
40316
87805
47222
92706
5948
37881
26526
47143
62617
70855
29624
13175
48752
71312
69891
99304
60693
79960
19653
87959
89997
69883
91194
71675
14473
96911
64184
59083
12635
68343
24349
56733
95141
60361
11830
52322
26448
29315
92216
53840
37872
23493
3407
38034
5504
89916
50945
59121
95435
20291
95456
84492
2377
48923
63331
80649
61863
41564
91435
61078
86625
10561
53092
28037
60095
67253
22935
47227
52528
40209
29442
20414
62885
90944
70619
65058
14224
36028
71402
47207
51694
25648
7836
82799
69452
40036
17005
19606
81058
92838
22175
71108
42419
74588
16258
72964
53264
79785
88808
3561
61742
84058
96591
23548
69355
28550
77139
78502
11560
49504
15494
88524
24672
61965
24053
31384
25445
69853
80779
32817
98857
31537
34550
18028
3761
68262
54627
9307
22550
67701
65221
99838
34792
58011
55330
4661
93157
43977
90415
94318
52921
70546
14781
56958
58051
73919
63118
47246
71209
7846
45982
43751
40479
19611
42604
75706
68157
43217
51558
15788
38134
82365
4555
23534
9245
77694
41128
97968
33671
83675
41742
26330
53047
18151
34728
97057
91173
24306
8504
41789
33411
9434
80117
12155
61563
94750
82089
65266
87173
98209
31775
94783
62395
73457
14652
49085
68525
42624
75979
43829
13374
85708
77664
49256
50266
23040
70931
95450
18474
98632
20254
25005
51380
42417
61719
66939
41583
68937
13493
40209
57714
35242
8672
71641
3091
90265
17588
44224
67684
11110
79378
38646
13065
37739
92101
86016
93461
69925
8475
10303
84615
60775
49942
23644
74601
51103
36542
69127
51027
97641
33310
96530
61245
32430
87182
20169
73206
9275
44427
32353
12608
85728
88379
15184
75989
72030
64362
37419
23074
23418
33885
21448
53018
14926
65745
18714
2428
95342
42826
46084
89932
90231
39994
9606
57090
32565
81459
68016
35959
92739
36626
64675
93706
77158
63138
44728
52337
92996
9215
64235
18377
40234
76074
31230
50922
90823
70342
71248
74988
59309
76168
42662
93492
46519
19422
25460
37351
84198
80077
36284
15491
85694
49179
83488
98867
57853
11010
41382
67796
19419
25750
97943
56538
14482
15202
17601
79328
27991
89123
66605
29813
43633
51827
15894
83183
6703
10734
19615
18258
41589
41237
67698
2157
95175
24194
98984
48433
54135
35691
53767
79593
13166
47630
4345
25357
93630
60329
1023
38998
64528
92382
10302
71110
51682
38375
87713
81167
46529
77860
61469
92760
55429
19920
65171
49673
38682
81015
97344
36963
10455
99467
98978
36470
54775
37465
95572
85791
24022
85875
23167
12098
37676
31213
14538
54293
79756
91196
94506
43477
19811
3174
8160
13055
68125
36396
9499
96129
16365
19790
16956
85354
9710
50389
9824
91514
52976
86400
8527
20814
66459
45780
46498
69832
68559
11388
63052
16273
48302
15786
53465
22613
23589
34248
75458
34398
34084
41332
10200
19853
94698
70670
72490
83661
45777
60923
49206
49029
30317
44073
19467
13051
66371
1264
92862
21241
71178
87878
91825
72007
36917
63300
19715
40838
42437
41991
88405
53989
74265
24546
4112
52155
42172
10256
69163
41356
9487
66465
63904
54169
12064
38516
82914
54004
16204
2698
96878
85211
62298
90827
46226
2725
87593
58870
95149
7032
22195
67891
96231
95786
66561
33874
25555
87015
58830
86257
9970
44657
60947
35804
58512
46905
9908
53361
23212
30569
63566
76013
81005
89094
18471
64427
39456
11132
57956
90012
77058
21528
48772
84791
70195
16931
44744
33571
38035
75894
86711
74232
62473
2549
85809
73791
30637
73223
17065
81117
4433
76242
85739
97242
96863
96646
95652
22166
80067
2751
38203
90890
95761
8023
42243
27401
24305
18533
3967
44442
71610
31051
84410
27443
96542
76985
2517
67235
36252
35207
62451
80896
21161
10679
69753
61312
3526
42767
6740
36254
77832
20316
67264
92570
52015
37088
11155
24106
85914
99278
52384
60135
90390
54757
72688
75455
76613
12054
45362
13137
73491
41848
65608
17777
74213
31395
15302
25991
25747
93652
91615
66159
64873
23276
88403
56613
95002
42173
66294
11228
89861
38319
52991
83827
19314
90754
5556
61342
91839
57360
66721
6924
9669
16412
2118
31617
13821
29958
33883
13587
35729
33322
89339
14157
94466
44794
87112
53610
90001
62748
86763
84241
53705
71264
91728
99022
24695
25730
83260
95640
87646
34993
70973
63442
12582
75578
37654
66451
36440
47847
80129
65914
81016
23352
66630
32583
10076
96912
71743
78804
31073
48331
68970
53689
40904
50143
14043
1816
75954
74761
26703
85035
9714
26858
30995
15190
17081
55321
88104
58006
10562
20918
52744
73982
82252
87076
59451
56462
44060
44799
23808
82725
62203
2662
4579
22220
67876
77127
98526
12549
95695
85269
65929
94672
70346
89999
8621
62805
53498
73152
69459
97877
74439
27405
10979
89147
2302
95230
44642
67718
11846
95755
5616
56686
15283
98713
42379
3141
3648
72734
40966
22482
74661
30531
27333
12383
94404
84847
6688
80571
13258
93274
98344
93219
65458
78206
27540
81206
10456
67441
70667
85396
45428
54533
70247
46380
72364
9797
87310
87625
99473
8444
62765
51927
39335
91313
29377
75485
28062
77259
55866
23248
83874
3300
50832
98906
30815
84832
63887
31611
1294
8899
55782
85082
60671
14745
56686
8494
57134
30437
2129
72490
94687
31736
9195
44672
71343
54098
93677
23840
22083
44634
17995
8243
18373
31183
77175
63212
75466
17050
56825
84721
46386
20419
79821
67749
89354
95919
79013
91518
52560
8088
45732
84486
81467
50655
69117
82164
10872
28782
36613
49220
72757
30959
25819
87115
48078
57198
1655
31609
79534
6064
52132
79878
95317
4301
39464
65259
4765
85591
56264
17212
6016
56618
82919
89927
45766
56174
91198
17915
65516
73425
3958
18427
18478
1612
70543
44801
42152
82196
55898
67109
76943
64155
67453
10473
62955
28613
60054
96122
62951
9079
74312
76480
40900
22746
13923
98375
23155
78391
50631
5793
88619
64922
68427
76616
69290
47720
41693
86200
65320
58114
88534
66717
5440
22768
50307
2416
6197
61293
3585
63171
35126
71258
73295
43108
72804
26415
21024
30495
54496
21844
39315
20973
96477
47789
84336
22247
7718
96395
44676
29966
42763
87074
61563
2378
42452
59067
83017
85128
47195
6922
97337
82481
29107
3151
18885
93093
11857
34926
44881
33600
40261
57630
10721
24711
64454
52926
21071
94498
18509
55113
62797
8478
87857
57395
41337
87203
24941
45481
95673
90849
43258
91052
87112
98426
8576
60082
93552
38229
45529
82546
23438
49513
35601
13597
28940
17138
34343
30228
3050
48329
24208
14177
66836
66442
72134
33681
31870
79970
78194
72805
38298
82290
79009
18100
7949
88608
38139
74496
57701
26464
4325
41131
28495
23707
86642
10412
81379
25723
40696
32938
40699
45620
27817
37814
85505
72011
79234
52627
95557
14961
98779
1399
73814
61306
19457
35455
24260
37746
78448
50050
94668
83171
54082
44768
84639
30601
66076
77022
41744
7701
23859
67023
47312
95986
13180
12391
47387
60118
65498
15074
92170
22544
87332
84209
17587
12220
32816
69772
24094
70695
81323
56500
59773
87788
95014
88384
53752
29015
80556
42812
7454
84530
9420
61570
48086
6012
1676
27373
17253
78343
58106
32249
25757
58918
19784
25807
73943
35825
81917
54797
1174
11373
66624
87939
36397
69234
79209
36589
41023
63406
91818
53522
12313
56707
9840
68365
23661
62262
34043
82881
14725
34711
23384
94755
31074
17043
51977
4005
82330
74586
23616
82691
7017
99847
1543
87575
9751
34344
87654
62006
67800
13542
1566
80528
2629
78793
54862
78315
71671
56848
57279
99177
24391
45974
67074
24165
72941
55368
19391
58360
77052
47177
76850
87108
47723
98512
68033
75801
72786
43834
37563
57838
89978
70597
71827
1295
38669
33472
75646
35482
92244
68538
22897
12477
46495
34741
11570
4900
90184
38179
16034
76943
61611
75213
88955
44753
98599
49409
79717
29974
26360
73597
43950
5409
16172
62713
94243
23048
7346
38462
35927
14454
62075
58491
41964
22085
20570
76836
84870
56169
31997
39613
1472
72016
75955
6256
63072
29377
84257
75158
4466
87615
75684
60304
32686
8999
53798
31294
48380
87144
45397
88842
93795
11994
65464
58864
20356
3712
28535
29943
16744
62899
92421
25431
38472
42362
3343
37904
98504
99458
93151
46974
90722
18564
5961
22018
30406
9920
49636
31452
99548
49702
64771
92806
51484
8086
65732
17908
96350
5514
47872
66590
99224
49976
95582
58818
79381
32162
39840
61332
26718
39582
83855
23023
45671
96502
32446
62052
90294
43774
37808
38918
85167
95616
9453
67004
52395
33665
28396
65127
77424
29856
64098
44559
25602
17374
58014
71244
70905
25847
60654
33674
94717
8670
42134
57670
63509
93413
19554
84226
85551
41149
86741
52481
10366
78760
85212
12404
77626
58431
37617
69557
78538
81141
69430
67381
36306
7128
72527
80689
93788
66562
24757
6059
83475
97954
83054
99690
24148
58991
68105
40155
34368
40613
94673
78220
1893
55428
38198
29002
23664
92215
55325
6024
75985
53394
85220
87896
88252
65435
88159
79477
97108
54316
63247
96597
49941
80639
64977
30036
5204
93868
81889
26312
57236
33767
18142
80814
93879
41010
84260
38883
94167
3301
41608
18454
83288
50783
84798
58002
20589
17552
57523
96803
85990
90669
83935
31103
68731
14522
25282
66931
80038
71828
72963
58284
66127
14048
48038
67913
9730
92899
40545
60655
92184
48675
49729
33066
59382
12509
57178
6058
51079
82016
48497
79458
49968
61891
74910
55677
71902
64778
8543
82369
67487
30322
96410
49721
69371
42483
56034
99581
27249
15945
91318
68955
8866
47750
84237
60902
19811
99957
68626
28796
94804
99382
53493
5091
41988
67129
76317
15955
1824
45809
37056
89289
86372
34101
9252
42847
66082
82700
74058
72089
42606
10677
6996
57849
5260
20631
93222
99094
26197
16275
55332
25868
64631
69315
30264
74455
97592
48673
54913
88588
5659
85091
92761
51586
43741
36923
36902
9963
40257
10163
47470
9542
9756
7726
40219
28330
61316
51999
96935
19850
54250
38742
93356
58023
72727
75021
30087
54050
25678
37374
72460
92252
4698
99528
2340
57333
97161
48247
52560
89559
67739
60321
67954
33835
72849
90661
62237
29479
68630
88337
4027
85335
91078
49287
25165
99530
20773
45495
76838
6149
23107
34349
8087
91115
45059
90191
37561
81095
2407
60159
22479
11068
33478
17735
86725
77509
10521
88879
20544
30263
71015
23462
83106
79197
81375
65410
15547
8150
32799
3281
58063
73520
54381
47350
12632
23295
49373
27412
71241
33106
82313
74543
67034
90852
58330
51748
45363
12880
15398
86876
43977
23471
16681
84254
42924
19977
72859
55048
73774
3324
1259
31714
95127
73755
54356
10359
62432
85916
93603
82307
78254
84346
16939
8465
99657
57430
76604
89747
39197
42617
38582
98582
86640
43293
42274
88965
3300
53971
95369
64605
40465
81985
78637
38177
93546
42183
97318
36774
59332
64660
26879
7369
70905
42511
89431
51897
87905
74460
52350
82243
30240
29409
9963
23809
76853
88158
68246
70675
82592
22183
14660
31628
80337
54327
48220
53657
56029
84179
31327
37240
59956
83155
88805
86811
83616
83502
41749
83992
36453
88895
88506
54831
50894
79243
4631
79549
69983
63238
35461
2296
4913
49141
90108
9555
15957
89291
19550
33844
14341
68070
97940
37408
40235
49864
3032
26988
21891
15707
69068
11753
22590
20947
76168
30476
74039
19650
80429
44384
10600
53146
10721
70111
80640
40855
67270
27333
4840
27455
60403
16383
32975
88267
75496
11125
74092
93077
21799
97994
88809
26621
81890
93929
32217
95262
42903
11205
26811
37529
57248
97203
6812
89563
77730
89801
79212
96181
39084
2262
69482
85569
41443
84010
18997
34072
82539
46024
61347
93875
74321
85735
12240
2812
67001
21313
84840
85438
36233
67338
31954
11896
28897
25757
39891
61566
30886
22729
1772
43874
97314
20763
22601
66898
81616
21263
47452
57001
94959
20984
40189
83381
26996
52017
35413
49367
63278
10356
18879
17950
10368
11188
85670
45168
10776
15443
25637
12429
46913
20259
65551
30751
84575
63333
96172
24522
19071
30953
31261
71642
12806
95016
30911
33747
84615
12128
80665
44683
57737
35318
33925
51167
95308
29310
79016
11132
74181
16273
35572
71164
4431
56234
12644
12661
23507
81466
50614
21611
51754
58315
49848
43282
13213
22242
46326
22065
47570
42540
60762
66460
32668
96317
61715
45730
90213
26584
84698
93300
53571
4993
27408
86106
27986
66284
69992
33309
1487
45564
5871
46505
76604
65800
96280
23443
39083
32043
65418
46123
31451
37163
86241
41037
97993
9901
87145
86562
42481
27114
97004
12361
35599
62397
64078
70979
24044
79917
94691
1252
69151
10211
28387
74411
47924
29390
44039
53224
63312
41660
28271
79378
33231
31531
84274
82397
72316
38747
63007
72965
10371
79536
18188
20392
95977
11247
72395
23329
99832
26988
92692
7090
5004
80025
24210
2154
22393
30547
56694
45050
8149
28622
18120
24866
73555
44225
23023
23484
5943
74668
48593
67323
82527
8089
57277
11706
85390
87389
77519
35237
54541
92380
82374
33516
80777
97032
99716
15675
78203
65291
87617
69092
84018
26369
15151
99388
45594
32709
10484
50374
15764
14905
21352
39434
94380
25934
75617
34588
78763
34640
55508
10370
37100
86622
83817
97437
37098
90142
76993
12463
45505
53185
46782
24733
10958
35740
9263
34604
51846
1199
5305
48764
92467
14709
16827
89006
38109
70806
60067
43614
46126
28376
54419
40405
54563
77828
1791
81645
7359
37540
72125
40730
36975
29994
36780
75343
91063
65019
33684
53308
37312
40576
78456
45324
85435
63926
86839
79974
10946
2626
54185
1702
5516
34447
71688
34994
66556
52888
87813
37970
46341
9285
12145
64812
19739
62010
83179
76827
8316
38413
85891
17115
49187
81428
8382
53077
84948
21235
83482
4427
32754
16463
22650
64920
23675
18304
40448
3953
35891
41596
32009
8847
66990
94250
71407
27992
53919
90951
25073
1478
96270
96629
32917
87146
54888
33144
22705
90541
79894
68844
94069
2926
88493
84737
84862
12986
21562
16801
73273
19281
93624
23164
94818
98217
92394
24426
6810
89557
13671
24030
65178
28972
84477
55556
15837
16277
80373
28125
49440
48238
95993
76007
83495
28129
47511
97498
32738
98176
8173
8004
86933
64881
26022
83226
43633
11352
44838
91998
26198
70902
41931
99882
21640
71653
42453
62763
46751
85447
56255
91615
74426
93359
63919
70580
55346
87752
40827
11967
80105
52699
15635
19136
33761
31976
46803
8948
21836
95022
98908
3635
62472
39009
80533
66239
20157
90079
27402
3903
64324
68531
80323
30230
54223
57677
4875
14484
59786
16922
54664
69127
90915
41480
33001
42326
39704
91974
8415
95450
11777
11507
16613
99899
62682
10304
75618
63298
14440
72011
8812
46043
43956
7394
65271
11535
60748
13758
70287
33913
82032
47120
36111
64537
3801
3848
5500
70678
84545
27416
36262
46265
82751
83167
89128
85475
38414
21169
39257
24831
75949
62467
33290
40120
14605
53828
63808
45944
25289
70136
4700
38096
1987
46532
85962
89660
14540
70291
26668
24493
11129
65894
8692
5243
5778
13726
90083
51530
62824
6818
7205
39527
67413
36638
61193
5245
76965
44412
97891
83229
6770
91061
14774
4725
12049
85304
46956
93472
97199
4128
26115
69266
30738
67660
86270
45534
28579
88418
10897
82994
42754
85373
50278
8392
20428
96647
94267
45851
63713
16212
74281
40637
42772
51693
21692
5508
93179
34140
98316
48915
58986
50966
7191
51368
43026
28481
77912
7020
64893
33949
55368
54033
8139
23266
58598
50020
11952
89009
76785
62315
11789
93590
18190
81881
2927
74603
44700
27145
20414
66396
47617
25308
53375
43119
70945
81584
13433
92167
48153
9819
56597
75805
32554
94273
93586
90738
31727
3515
93364
41391
2358
89877
90028
88369
48231
19623
76029
14092
33639
79204
18201
53313
69137
12055
66768
38290
97812
60475
78743
30557
39614
15730
68002
79129
27591
33518
5034
77109
81303
14726
32657
53516
35590
89966
78358
96198
44960
53351
29949
4282
38901
90178
30143
28357
46789
44478
59560
12207
13183
36813
9145
82623
97961
22862
70534
81404
23447
58516
37556
92537
5811
91684
25926
46434
92924
67677
70223
32737
20010
36549
22236
30884
89237
94659
39460
1942
71680
95496
90267
97268
34760
38189
28490
58870
1251
95088
38594
64216
28742
57427
66020
97946
31780
49590
7206
65686
51843
48370
26102
52645
45405
82545
49915
35567
12596
25963
12514
6269
8358
78208
4765
55282
12846
89699
59174
85108
18762
54242
75251
3757
25503
24439
36230
12693
92439
2302
14440
3551
24060
10354
83944
11036
68286
57994
26605
91095
50333
42491
34906
50744
43329
82175
67793
8794
27395
56694
80118
7482
24303
54799
39462
64392
53089
96649
83533
69882
12452
33070
93315
98377
83174
14049
92805
99667
5640
71239
8294
79371
81745
41601
11359
1532
3951
36363
40522
12302
78942
23163
15128
99837
21193
97797
65514
28529
34527
17008
73634
21195
59436
13985
30102
59113
42037
90792
39886
88612
50059
16181
92289
22810
69829
34779
31006
9792
88369
35121
55045
54847
66252
65476
97903
19783
70667
40766
70575
42305
40535
16600
75621
71417
90844
74711
31906
10161
44340
7976
37026
84089
47683
41701
35109
3116
67609
73340
98664
17658
12348
6903
81126
63571
88855
60894
26597
9882
27000
23360
3997
22750
70609
96235
62459
65298
82304
7865
88513
63599
52422
27090
80695
89278
22798
71065
5196
15910
75783
67671
4143
95542
15362
2165
78332
39836
39501
24224
99218
83374
3367
15833
89723
89947
6550
50315
24431
43093
37558
82736
64286
35766
28532
83775
18988
73716
87875
49128
6464
15728
22683
22722
25213
95694
79371
65793
52256
72492
15605
36836
93305
63454
96331
53148
7330
93754
27654
31182
17876
11016
67049
32567
46954
91134
18116
11289
37153
47539
94051
38738
97181
73936
42812
83575
64520
83746
15508
26848
20396
30011
72417
87296
26319
11095
11915
95999
36153
1210
9543
97436
60230
35324
65164
39111
57961
51903
58021
84501
50445
7316
88280
12124
76001
65513
51053
14909
14433
16931
80001
75890
81158
2599
99206
8324
87662
31160
62366
21133
14822
27347
86588
63025
6360
53035
3297
91685
64246
53099
95423
71725
26786
37033
93447
50176
71700
15418
73408
83833
69619
1729
52163
31913
9492
93891
92884
60772
48198
94831
36819
98582
77610
49101
33277
87559
52398
22855
27003
29034
69922
29281
37574
34350
20961
76557
92680
98497
24651
39803
15825
51402
66473
95942
52453
24609
76165
11713
27745
19857
52131
41910
21161
74913
64606
9892
55133
32392
83223
72903
27546
87252
94321
64800
68737
94768
6916
68635
77365
89780
89977
89877
58498
30741
37991
13484
29481
83745
19015
38729
30935
80405
9387
98741
64263
81165
69136
36164
34710
15702
92245
89526
56871
80463
36576
77910
16984
3562
42254
6118
70601
43029
2824
80634
86331
10808
58189
40076
22359
20220
56345
94873
40237
76059
24352
39522
2605
46751
10453
11334
19375
6744
67863
76338
31105
88415
79139
35091
47068
40833
75694
84605
5784
26985
66799
74760
51657
52475
46861
69740
86157
28629
72966
76401
49140
3446
48048
92283
73104
31185
92072
19082
44411
46028
72838
46031
65389
18776
15590
65512
97659
98775
19675
52063
48126
22618
55578
97528
31546
21099
13777
25279
2530
29531
56919
86565
20175
86365
80577
10114
80492
28430
93214
57248
13103
8652
34880
51007
1440
40126
46742
92279
55742
15362
62189
91437
32200
30480
95943
61397
85576
76641
83911
45219
2581
70470
46008
97377
83635
10138
62026
97855
40439
29807
24108
9903
58101
94479
88216
79751
69044
78568
79888
74447
52171
1898
76668
77597
52422
65023
64700
21674
4991
22013
21633
43383
62266
29565
24241
10903
96849
73798
38684
44710
48040
23242
34353
69099
96938
4444
6094
62428
3723
14195
51669
36564
11791
79395
80820
11054
70726
85095
63484
24829
90981
70608
22571
82437
42211
19533
62430
17745
82517
54635
67304
71705
16452
67581
11564
37249
12225
59343
3867
74228
69171
94290
51263
73524
4303
16162
95893
37210
80452
73358
60356
9717
19592
52092
80330
88571
88208
79580
72282
65716
73335
98642
34056
46755
72524
26782
38915
11820
80098
25192
13038
26133
12633
91404
59596
91879
1723
67715
64002
78191
42248
39973
91512
30170
33534
76058
49195
16134
46624
67969
84362
27321
52576
59171
22294
33953
86993
66193
73096
20348
9810
17086
54926
23572
93581
1511
58144
2318
78301
94718
79719
79962
97076
20460
87541
84507
39316
23805
42436
41280
64968
84451
80495
30424
6342
30442
60864
70561
97106
18004
89566
7802
90716
63937
61192
26712
5171
33783
10968
82063
39262
51556
68866
46865
87503
56638
48058
52599
47969
92413
96605
18537
4581
50856
8329
13647
13428
21112
60777
75859
89981
32276
33859
2823
96141
56492
20725
63177
33644
49049
47888
55573
42637
74198
33082
61210
18862
12905
10442
30935
3970
4590
34541
71047
29554
50539
66029
74718
40602
32489
63125
7447
73151
69582
73938
81832
21152
10130
60316
53175
93761
21485
73088
21747
68291
64321
70970
66590
38305
44455
3165
12597
79201
80581
22345
89917
32203
32595
29155
51913
8995
23869
9510
44633
60405
42582
89474
77286
32138
46682
17644
48691
86395
8331
72035
61336
87013
65734
67636
57269
96278
78747
44778
97881
12544
81979
43828
96485
37522
12804
86065
86197
93503
46196
13341
22823
86068
91454
67644
66381
66971
25820
45381
31983
25947
78997
12362
37579
27806
48192
90209
59051
52009
4759
95124
78432
43889
3694
95876
34202
34282
98599
34430
74644
5252
8982
96594
62369
88401
33769
32522
38909
13771
68931
55100
29855
72074
72493
26417
87633
83784
58836
3312
18771
14717
88007
36503
24902
58734
3505
50108
47582
87333
98534
36462
68526
73470
63349
69519
60190
64249
2503
39899
53270
8711
72830
39912
78690
71250
83898
7453
44100
65636
83260
14570
4010
76155
56582
82830
49454
9582
9969
5080
49384
82840
62402
64630
75919
36104
68395
2847
56301
75758
2274
72641
15572
9478
57747
18252
58565
84845
39395
21839
51916
1047
30058
92161
50213
15130
85923
75088
85509
39288
77691
15798
12722
11212
94081
37632
23281
71711
41537
11805
88367
88807
84033
34175
30055
79980
13297
87605
4932
63408
13199
81777
61119
30789
78988
22342
91132
95049
4546
37507
82190
65691
20667
96446
69521
87950
49264
14286
89492
21985
35237
29740
34141
94274
53031
8076
26822
96865
3405
24852
39992
65497
33710
59363
78913
14636
81757
75668
24426
7127
31370
6349
82701
39916
27727
16401
36523
91732
99757
41852
53014
39389
91960
70609
37024
40659
30060
70586
35333
37798
62182
30528
75024
66153
36072
12737
83407
48489
55336
54708
73093
93044
92689
1423
66474
60760
49299
43816
35899
38725
15591
50625
34640
31382
58752
88534
16081
12238
99516
24556
36885
43549
43658
66593
55567
97329
83065
19969
13940
23917
15936
93055
42872
47038
39519
60829
64792
30212
27176
91738
32302
29696
48047
41865
31019
90002
47722
60219
82897
9337
73181
61777
77007
28122
73300
93767
30267
41958
82227
78057
66891
22825
45588
96167
72318
14317
99856
37770
1830
85863
59329
44797
64231
49878
16194
84841
42959
16131
3550
15858
87677
84805
66000
65290
15686
90677
30314
43817
90835
44413
54284
11909
41334
14592
25333
99995
81033
62100
97725
96804
25465
9486
85557
9452
62859
91525
84139
8737
52560
78204
46227
77308
51528
12584
25414
93845
3953
38088
97223
97456
33262
12540
76137
98164
95175
68696
23385
58282
63373
11526
23144
51525
41268
9716
91345
24315
29855
18245
3598
86688
90597
94343
99932
75876
13802
4004
46799
34683
24483
3272
23449
42179
78435
50729
89266
16076
78247
5009
55756
74056
2883
69634
58192
77815
52818
14199
89719
94657
94810
2479
82364
70839
5866
11813
50203
18596
33302
77121
93026
1110
13406
22957
53246
22564
39265
42887
19190
92464
93495
83354
82948
45193
74837
3610
33145
89960
95565
62682
89387
87424
42139
80196
82332
75150
33997
42284
75731
26250
85585
36838
87607
91633
22263
24930
81367
49965
28409
94025
85329
72023
73585
37908
81580
78326
23418
58812
87029
86217
96383
46702
6059
67346
29966
82604
79880
25658
4806
55228
46393
38633
53633
71041
74806
4718
11219
88801
59286
29483
49891
45475
99026
82452
68715
32649
4163
83794
43405
56822
79738
57856
75591
89284
75575
40251
43374
80645
4914
83301
15266
32943
61075
87180
7305
64089
10919
36631
7719
88914
2272
11313
52858
22545
36793
66003
95173
24852
59806
35469
26982
8363
4860
68572
98154
24647
60342
98010
11625
72912
61795
92796
35523
19226
54552
32624
71913
37731
63931
15995
81009
81606
5072
63329
50302
84215
94835
1786
9025
64188
78457
51817
90149
93927
49928
59772
67046
85859
28943
3853
14078
6898
6839
27074
27090
33569
18392
48509
15285
5372
58116
52157
4530
53700
85545
63210
44748
97353
50214
19969
11613
43596
99442
36091
10209
26559
22756
47306
37651
86547
46755
84431
20930
38931
48623
27850
41342
68075
38537
75982
4443
53582
90166
50658
96096
97926
94808
55204
97835
51396
88880
54636
65602
19199
25660
6474
69252
1348
41357
84086
11184
59054
1190
84552
37666
69287
96596
37133
25389
97802
97149
12152
33068
51720
1588
40449
52895
52589
52602
25451
78960
28196
52550
40550
6945
38625
28422
33836
46988
61127
88207
85766
92279
53874
7561
21325
5275
11753
46980
27543
99852
34196
10304
53262
20059
23216
16641
15647
10288
90842
11625
45939
81099
25514
81804
3684
90922
65614
68949
29101
99949
59272
3191
91333
64449
82420
12779
91822
82154
42418
50158
62498
23384
94739
31250
47821
70785
73199
19027
56808
14962
81352
88144
26487
86203
73222
77687
68185
3231
55383
52868
10798
2741
23042
38228
32338
81517
85943
93591
10010
61654
33416
97613
88545
54351
87849
96722
51024
34751
19232
8410
20585
51968
31076
10557
70703
26670
62234
84051
1213
23296
19144
19629
7240
44804
34597
33472
62097
15501
56992
50275
58740
35071
18552
3098
94331
20377
1361
76106
24958
97443
24260
59472
50084
15718
44076
13261
12720
74999
50665
86718
12681
19202
38263
49214
80077
30855
24013
77714
29728
6792
86811
97374
94918
11915
19733
37303
15110
63318
98123
3510
45530
21899
57962
51390
8160
21696
40029
30132
67866
39965
74754
55489
8735
88679
50824
87910
96643
73638
83887
78422
51897
21069
24106
45680
39301
84810
60444
63720
33946
39054
94142
48621
85085
77641
25135
54357
3378
88688
50716
82958
49491
73762
51619
26104
1456
99702
1528
17681
83273
94616
13349
39513
38048
89351
22724
36962
42561
78307
40668
26437
41124
15736
54480
30650
9562
78935
51442
22076
21149
23988
25534
36413
60463
15226
92491
73254
16813
78397
59605
14976
79057
14088
79495
26260
53725
46442
78342
56177
70423
27511
7971
61280
14419
23537
5850
16918
62482
15511
22879
85492
83821
13133
77873
20992
92754
5365
78810
52981
91610
19678
99056
64993
79349
82778
35539
54404
57181
99269
55246
82994
5144
25001
41747
53517
18978
72331
3252
81655
86541
33854
18019
40864
58874
53467
25086
65643
48701
35427
94794
31608
79796
18111
85982
17832
88826
85745
65439
37286
52618
24319
47751
88033
48040
73311
16662
83424
99754
58558
76487
25541
94578
9771
18473
33315
54747
61212
14902
77908
78590
30852
60650
21443
92105
91801
25745
71235
6468
57977
63516
21220
66039
14666
34363
78073
66014
34390
35133
55456
92506
95668
2708
3288
89531
61528
77119
32977
80216
55814
14983
76674
87704
89335
52836
78718
3421
48286
16181
93573
79580
98195
84431
41848
99900
95816
54278
68955
23329
98697
21793
95277
46285
59961
40309
33821
26714
48642
73849
22053
78418
56906
77083
37353
89825
22183
5628
55021
69451
19717
57021
49756
50638
71925
38145
8733
86501
7697
23017
88340
8065
32533
99735
90511
51682
50687
36442
74957
94936
31039
89040
36670
78430
85291
51350
87758
58842
20555
6111
67066
16392
42034
19399
53296
61332
36190
51132
44358
9855
66478
22522
18041
1973
22290
45200
15266
75387
67116
29863
38416
99212
72734
96720
98036
86635
25671
39232
15585
55914
27002
60336
50765
11028
31209
17852
81400
24218
10536
50841
79734
32394
68793
71955
94812
14733
9293
91109
39817
25364
37502
37217
41872
48426
53300
41669
51768
70385
87064
95268
69345
21373
49648
86900
42266
98482
91352
29799
94298
7116
76804
9765
76891
45515
78140
6000
23084
63356
42847
43445
7747
21350
39828
45938
15390
94658
7607
5892
95965
24886
72043
18261
76872
31541
89538
41544
96110
51731
10557
13982
53746
57526
44454
58714
20034
60748
30609
59620
65530
2775
14918
2777
42634
56051
71683
34618
86955
62818
35152
14092
84379
30284
97190
93939
80872
69183
76621
16494
95332
90509
60502
69171
44851
9955
77009
5268
36363
59332
85829
50697
98146
19017
3840
83293
54757
97613
12695
96049
68536
44758
33268
46140
16385
45966
5415
60327
95401
94750
59974
33777
90731
28903
90412
31832
73722
88316
12681
64830
98573
49182
37897
19133
76673
77207
50637
46972
37727
74601
5093
70671
28454
99891
20579
87040
13280
83428
62951
17939
10589
39257
66910
48500
4180
60473
81598
68070
15824
34215
21014
23476
77806
12200
57980
84407
76807
74342
62226
52946
43281
46663
7172
25057
63195
75084
86879
86866
40882
12539
87529
25577
96470
2874
20874
42284
66336
41137
27710
90229
72100
5418
9902
81077
99123
63200
22639
25901
94201
10191
77255
14129
84659
12176
48729
19541
68404
1729
15345
95321
13306
26238
12771
16464
99594
93166
15279
95748
60158
69572
96668
12655
12012
48285
99589
59340
20026
50924
20885
97605
9144
91167
44596
96983
79471
4365
59253
41111
13511
94596
56875
87961
95076
48059
34567
91786
62892
10568
91807
54500
77222
73386
7991
21704
51575
62503
82054
59982
71890
12492
23901
43224
73436
13215
8689
18171
2628
95511
28746
29582
22634
95507
34972
76602
63046
3072
73956
88504
39902
76197
32079
40815
25232
78188
44378
94771
68512
36333
96979
81371
33214
60352
43690
91532
62242
30270
40939
48100
58803
85625
25911
26898
54511
79668
62727
72889
13519
58391
59482
81046
42085
96391
99480
52613
89777
9238
97858
97416
63421
2561
32512
13341
98089
53671
73717
86793
44120
36069
61043
64323
75816
84199
77849
20036
8696
24596
89020
29626
32125
21480
74915
14919
28223
82610
85252
8647
6648
46661
43685
27321
3221
41392
8565
25369
9724
16149
93652
11789
22314
58756
76626
95002
51920
59302
12229
26141
86549
32546
98816
35141
42572
9733
60908
95308
61485
11768
45322
17391
6441
58174
20025
7963
35357
39071
36990
48297
71028
48688
93761
12007
53717
1992
50428
28874
19211
62236
46237
43939
24766
6369
7198
64708
51735
92558
78535
46123
37791
66343
12391
37664
96424
69176
93083
92775
89076
53469
3146
43800
35868
10501
87929
33254
95241
95160
5693
13055
55436
47105
73613
69195
92765
30368
22585
84502
64605
16466
90502
48308
24562
88349
54508
9315
98978
75509
16229
18942
33600
67008
16691
84399
22235
16025
4710
90632
54419
92379
42229
27339
86380
28079
15846
16021
47713
33668
63975
16366
51290
1588
75183
94840
96060
56498
74527
91143
71038
81064
70919
91318
3810
12153
78488
26424
62190
39411
99950
24793
2605
26515
9105
72669
94365
40170
29761
92163
92438
78969
76420
77763
40822
71008
42203
14818
33778
15675
10892
39703
55962
1218
43577
78790
98613
1450
60453
19043
65480
58394
26365
59782
96694
85104
58632
42731
41306
24388
59347
72409
2189
10273
17843
58177
12441
82223
38733
11411
26364
58771
87300
13267
5574
88744
1134
78408
84911
11510
93981
43766
30590
43697
10853
93995
23967
22810
3764
30768
24093
83713
51374
86463
98829
92913
82418
33619
53770
85489
95870
2677
78352
14195
65619
83084
56291
95630
56306
77237
97687
91336
21608
64707
22601
65945
15611
98253
83488
30092
60532
31757
57772
78678
93753
83281
34798
57369
64267
65637
57904
36156
50954
95915
44931
37272
36685
90505
66959
72291
15091
81672
78450
33239
32778
16767
62891
5414
4186
3138
48940
54773
92163
64628
40204
87123
63802
99749
11816
77115
20274
79133
74675
63455
79653
8457
85337
15233
10086
28467
47915
6547
6211
38039
26378
70590
77896
47526
1596
63724
93040
48712
66626
11560
22564
19289
83404
78861
42164
80789
13567
28183
50914
76333
72739
13207
37837
24030
65422
22408
78031
30827
46670
29307
26054
98869
66640
70846
55829
58333
33363
58573
59245
11768
93366
9324
71895
1598
72917
76543
35842
13362
83928
47237
49201
31885
27011
10882
92142
37505
31435
54685
8955
12146
63334
65884
21105
10806
52876
25928
54593
7667
4989
2942
62950
55375
33179
38655
16989
38631
86559
96362
8519
83616
99017
87954
75966
4619
56078
49502
89464
96704
85894
15864
14170
57039
50649
25135
19672
57177
52742
51695
92650
58731
15062
95544
89589
80601
31348
12664
37912
56964
33045
50237
70066
80563
55489
44778
88521
12903
56949
28071
33650
41532
26776
10751
93037
92704
61247
78445
34155
60641
22227
42529
20765
15306
18614
66701
4088
45766
34826
67384
73721
55015
70923
31743
65136
60666
13589
76717
54999
59875
2774
44071
76094
78491
47255
59744
18768
89729
15844
14153
62584
78401
40133
99856
55286
51554
27186
12133
74496
38224
56263
81783
54683
92732
46729
55893
55035
23898
29994
75043
67783
26804
58567
32518
12348
42826
98698
71010
7095
60273
96008
53018
84200
23701
65216
61289
33320
80480
5745
11456
67950
7857
1790
10537
84464
45475
29978
3314
89986
65365
75457
58851
42498
85016
15510
53732
66146
89784
35551
46750
46032
24311
2849
49052
19937
32450
63569
31488
95746
1838
46699
40558
91768
63252
27925
27919
66377
79387
86441
86215
17547
52931
80250
85477
15870
40456
40397
84402
63986
92587
99077
98157
37701
51167
32807
68669
6766
3135
13728
19680
10487
23123
35212
31594
77864
36859
16735
72821
30652
16119
87223
85526
27446
81575
95076
28938
39722
57236
72215
73663
81783
29250
5957
93875
54319
18094
1747
18644
64192
5063
83053
31439
44237
36488
54230
66470
39793
29891
28706
92733
94178
52198
21773
40400
9292
85620
95419
85060
21390
82107
93984
94681
81491
53281
36650
77891
96665
98847
14875
81833
47566
21024
26206
13444
7775
27636
82136
24363
85848
70240
83053
57368
94505
29510
78189
21288
85710
18993
83279
69101
30015
14638
52000
40612
90376
47693
52259
85757
47968
48578
34291
21214
53811
81907
36546
2381
96934
66648
74600
30631
84149
63395
23453
63639
5966
91583
94758
87169
14172
32490
22178
75767
85079
16799
74496
13505
82423
27790
76403
31149
82728
97718
68718
66757
49017
54192
2890
39774
11101
62963
98990
34064
71340
99490
42697
42184
67449
95663
92155
24425
94031
67868
24745
79855
90230
27169
5220
73939
81234
61294
94496
12290
58872
63013
87976
85636
67514
25338
83988
15577
55328
65050
79070
1020
29682
30172
15757
68327
59040
7751
88008
45423
52763
71597
19598
36956
3313
20810
86233
5696
19848
46886
41622
83958
69833
80830
23064
64204
89761
5814
40302
52943
3720
16759
80307
58728
32986
79933
61563
32676
84023
35713
28472
75190
25568
34513
10655
41706
15334
47781
63168
72550
71399
8009
85616
74378
16326
50624
11137
81392
39180
32357
46933
33826
31054
24370
56770
27920
41954
29445
69838
72268
12405
22324
93261
34327
40400
79032
62864
27947
55301
45425
50432
68348
44236
45061
36448
43606
41258
36659
26595
66338
99604
25717
10352
5935
74646
94712
90307
12324
95048
83726
35427
8828
14815
67290
9118
95501
71269
27351
16181
7988
69220
73880
50281
36323
95342
23593
51108
66417
93242
13769
71765
16788
64486
83220
19810
30238
93275
14682
48662
19987
16274
63561
79269
82459
75142
88974
29098
73438
57595
69815
17551
49850
24999
48428
8662
90097
33526
10200
34048
84758
44188
50116
44977
43793
58249
82930
51995
13305
30886
74624
58263
23856
65563
78728
54635
71376
29339
95940
1081
54034
84429
37215
56714
31320
19163
81151
8271
24346
1385
97446
91998
99068
96509
74966
68511
46000
31770
16223
81965
20155
52552
6835
5538
94459
80307
67628
96809
35440
45460
33200
60760
45190
57028
38420
68705
87060
3293
97148
74152
30081
26013
2446
92639
29912
84349
37032
74109
19576
41812
89436
72270
4279
2749
83617
23442
94697
76481
27134
86334
1789
38493
76134
11678
56652
2370
24323
72947
81766
75442
12739
69457
93322
94993
48699
22621
15909
74459
34114
12010
81639
98643
23563
51005
91773
35872
48111
20262
49524
43625
17769
12111
25668
69985
98946
12957
94724
9582
31117
7421
57924
4616
97619
84359
78001
73314
28166
23061
53266
2715
15471
14062
26516
77908
82745
65852
50578
21110
59574
42466
36744
67873
23275
72935
71958
6167
17337
40773
65060
37206
1865
79572
9739
29905
11193
31583
86319
71515
54976
28952
64010
62077
16116
63632
94769
90098
83760
84294
47049
22842
65906
30946
31728
3980
25862
34838
78699
2993
11337
41869
84553
79713
85201
71471
41625
94961
67951
7629
66720
60409
78405
61377
47488
79894
5175
71993
45684
67012
70566
26947
61508
56216
59272
64509
57777
66198
27526
10758
72290
74103
88881
85327
42049
69886
22046
93519
63194
96307
99824
76097
57670
68051
70985
75015
29663
22160
98469
73594
95019
37252
7274
51937
47066
60410
28308
55478
18048
46621
16540
5737
32747
71762
62273
91365
76003
21979
30669
18639
23019
77287
53976
85765
91297
55805
82190
11718
56719
46826
8368
42794
9195
88654
60640
97089
78869
42409
3870
95435
61843
64457
79491
19706
91662
99714
88741
91655
6891
87701
33695
7775
32694
24957
44181
16651
42897
11576
88340
51967
77953
17868
4919
99672
96674
13145
31995
72725
57883
50796
13394
76238
28728
14632
50833
78690
97690
81042
63204
63220
18213
49308
53493
36835
77679
48197
28483
71322
47499
83341
44971
1970
59425
52091
43348
27643
34046
14730
17745
96993
34050
78483
45701
92434
13460
9934
31327
25612
93207
53939
10028
32620
69068
72998
60174
35391
62062
26467
56544
72033
12211
90667
30441
52986
98016
61663
23304
73570
72467
71035
15470
39802
59163
9312
84078
41682
9246
86902
61101
45962
78016
49337
69392
95219
48967
3594
35342
91277
46657
29808
72650
4570
49722
12306
74026
5761
28185
4412
41791
21043
53185
5088
22839
93883
41273
78521
78514
90656
25798
28072
78110
55938
49605
68407
78529
2600
9256
48639
13934
68790
85607
9365
62843
64756
20062
24540
79143
43387
33884
79764
10778
89301
31829
57616
71180
11621
77929
74679
5630
79199
46097
57100
55095
97481
80581
59393
15284
20563
72633
37464
66772
3321
42062
56915
92875
3495
3835
91894
5181
64871
88881
3861
2717
76613
18084
67850
57143
60716
55969
56226
23029
20958
64001
95276
91254
60764
79985
86467
27836
73717
86019
32338
73918
81373
66451
88406
67941
25804
90740
98746
11875
44798
6479
18757
15398
48871
5740
33920
59048
31672
55026
73685
94729
31341
7132
92454
9589
25118
72881
75772
48303
64582
3977
88795
86279
23953
64663
79323
63514
15321
71784
63853
65483
46360
62749
65010
66113
74327
86586
62329
14443
44035
30091
71609
61787
31917
74424
93257
70790
3502
19815
83014
64946
25905
35231
59737
24749
66859
61709
60482
82933
78021
75764
37409
71378
52503
43113
63419
75483
63014
4664
12976
97748
21789
30800
86729
23689
95595
87446
34651
30647
66456
61518
60012
1472
76842
30050
73703
4429
88959
79627
46949
15985
74891
3671
71258
48694
54373
57911
23110
65229
94128
14074
5165
2633
82187
75671
10675
54432
7390
90985
92357
77134
39712
37604
25369
23366
14882
98456
10152
15868
84474
69092
91681
64202
21541
73317
74320
75621
54087
79186
15858
47725
63071
67585
69511
6943
87592
62595
72460
57616
85034
40066
24036
58015
99534
2248
17778
7219
27594
23409
20305
93434
53332
83003
42906
89349
81332
80647
67571
84986
24951
59428
55825
28582
83093
42072
67460
30184
84498
85570
62981
32551
67190
46189
99034
39338
41877
61246
40689
26827
63926
41957
18829
30682
26186
82195
68794
73648
65564
79427
10175
55663
8190
11483
53434
46326
93947
51699
46302
58684
9658
45410
27603
19228
33651
34266
98686
77098
3509
97172
65096
12950
63453
41507
80007
7853
77457
17429
13808
82823
12403
87403
58483
56491
95876
9158
7592
92013
42643
24548
16435
31687
36748
68215
87223
92599
46432
8200
25789
39150
72460
2086
73181
66880
40622
4317
13289
63034
2975
45075
69975
47191
74247
93060
81054
61466
88638
98279
75868
66613
75071
66395
34303
58912
35298
38822
43028
34682
64942
34013
21846
37853
25991
41788
21522
64316
97445
37921
74385
91702
38549
2182
74938
98302
22242
73517
6540
86910
77767
26731
13425
79531
88086
99815
69877
25589
13537
9194
28925
72773
79662
98481
44215
64109
75120
99333
20143
76865
22779
62962
16931
77290
8320
17168
38406
47616
30194
32222
67929
54677
80486
56630
69763
95686
63564
94352
29744
22627
71760
5777
31943
95128
44712
78144
88960
76702
49137
3974
90861
21771
53622
33032
32704
51118
15098
96127
98129
24151
8426
6413
86216
35107
41896
71337
58599
55637
63442
89495
37813
49245
27296
64437
73087
84899
21480
71432
70036
70037
96692
88382
79381
19959
24280
24481
30200
57630
67677
69930
54558
17661
53889
10957
15818
46995
79710
28593
16580
79838
15844
92489
79867
3870
19942
83146
58509
87941
72381
83500
13673
97301
70104
2569
33383
33891
53818
29023
59246
76869
78776
63656
57967
23126
68247
95182
74316
64877
4625
42162
78350
6018
48026
53433
13410
54275
41157
3503
70127
84252
1630
86644
53628
95914
2801
83918
69465
3407
22877
57245
40571
79060
7256
75271
6854
16725
17517
68073
39858
91026
24359
58998
42353
48920
99054
3798
52735
13151
73671
45619
65775
80185
31715
72698
6093
35492
73704
35086
85654
63613
40387
5968
67876
72305
80608
13342
44931
85676
51912
12605
45296
68100
70594
51161
7147
74017
18202
10049
29529
18463
13347
86956
23451
77217
7195
34435
56333
45045
5760
30821
34128
98797
45776
66538
94862
74881
25399
76392
84797
47256
4194
17165
72019
64885
76030
79808
56765
94539
52133
46239
58394
98891
42186
93759
37949
88660
50302
5867
63229
90732
68988
9541
32383
5889
40664
52211
39707
20642
21159
90107
14892
33524
54829
28067
67389
86401
70039
23820
64072
39888
24521
57761
48152
32085
5712
54065
89192
50889
98225
63429
37774
36719
3491
91408
13301
43047
60227
94157
94391
69473
44153
89817
47851
60129
57387
36743
17476
75067
84497
11000
16664
64388
6817
14117
58585
96459
6215
91324
25575
7402
95088
27466
88069
83240
6095
31319
79473
1006
16557
78721
71863
7596
30696
73659
99016
26996
68802
14077
15332
31469
2220
85566
1346
83760
96939
3838
96522
38624
67799
58309
13787
63613
74510
88188
42758
12683
16494
78199
22612
59020
37584
59823
95274
22661
83946
32597
18795
26269
66540
66101
19016
37802
56512
16216
63826
82195
44423
99263
12711
52345
18788
93958
97071
81067
80904
79267
81876
59435
12779
72791
68592
31393
9359
96244
99505
31054
52070
72647
6970
96011
99546
74139
80974
87457
15136
82447
14098
94008
66219
17142
46343
39438
94193
92940
52225
79827
69278
50985
36080
92012
15291
75641
54309
67929
52398
30186
22014
44843
43479
65423
93118
2059
39964
69983
31621
27969
55922
43327
8426
83628
26410
72010
38869
56407
92864
62655
65670
68323
45017
63326
19808
58865
46270
36799
40991
23719
7000
54311
94737
38412
90444
51134
29405
39818
15519
98429
66298
35176
42933
64188
48150
69458
10159
75602
39163
88816
26330
89865
23420
66266
94008
29551
16245
22473
26711
36291
76997
12175
86290
37306
72602
69600
97998
18515
78594
27313
75607
81267
97260
29935
80071
43375
89557
43592
4909
9495
58933
87818
33644
20688
58927
51856
4654
55445
39650
41932
46038
99483
10695
66424
50925
18855
90312
68085
17038
51156
6432
82004
25273
92327
73545
59855
76331
8096
54886
83980
54221
15814
65759
21953
98510
61581
10730
23841
72271
43196
51539
2579
15212
73044
51575
71444
5478
68261
58246
64926
58056
66825
49593
85120
65553
48932
72947
76053
34188
7346
71289
94801
74796
83936
27439
21184
57925
63245
13696
22264
40355
96224
95728
19991
4518
20556
44899
33451
57843
30678
46989
26484
64110
74471
55719
46723
68949
28221
70806
76930
11515
28619
91378
14036
27552
10406
9368
17124
7820
19493
87233
92703
15430
44806
46189
77985
51445
76983
2474
86279
55936
12131
94876
6920
95429
3979
10851
24308
80753
30301
33749
6402
3769
38418
15494
17573
61864
71645
17836
11129
46635
36802
96850
70538
78241
65821
27177
32788
40238
39598
82652
24986
71429
53356
58312
75069
17953
56882
33828
64205
21988
23578
50030
88564
54947
24368
70831
72708
78131
6306
74019
1441
45193
70183
54847
44909
39897
83221
19566
43313
26382
92140
18892
37152
79019
71847
61320
88235
19785
63997
76031
86284
49002
82667
16347
30881
68759
18911
61672
90656
39889
15310
79516
68763
96199
37207
95844
5909
49562
13440
54790
85648
28610
4873
76431
98345
96111
71706
84437
32305
56419
6771
39882
77199
50176
37848
66290
70430
63595
62742
19940
68484
8261
75601
67987
62341
79119
37506
98785
35135
47315
22890
81112
49091
29408
40075
61866
51175
49116
30061
93937
19804
11466
20842
1041
25928
67565
38482
71911
42977
16131
31928
15081
52742
11705
88787
9690
2574
72137
61295
5093
87603
16918
56783
51114
61979
45880
45317
91603
58604
87207
76831
78326
27763
99490
58011
83660
82967
38268
31304
36901
11519
88625
17956
65512
69868
64200
15820
51657
11642
31794
84392
35530
54016
91578
53883
75933
8359
13680
71238
83677
19929
90779
41557
98139
74135
13788
29358
90449
96603
42119
16287
10995
35899
82923
1449
73592
15875
85001
78172
13831
42958
47575
66595
66597
74031
93499
27906
83996
22786
78474
13193
34425
14657
47917
1107
76221
80285
95385
43152
22475
10619
74469
57441
1823
18037
67878
57730
72571
7412
87320
2538
80228
51579
42787
40700
24032
66101
80039
11864
75788
37996
22637
29166
36538
40620
56721
50665
48320
54789
30158
10790
40054
6635
33712
81328
92346
66766
13951
1204
76905
87463
78002
85530
92783
16254
63031
24719
22383
83266
23722
73014
75035
19461
71519
53931
54064
21862
11505
89094
13501
6107
46977
21320
64612
98577
73525
85496
78539
83897
96860
30094
14517
26502
48272
92853
95849
71828
37845
17769
75067
54600
34526
68497
69422
96258
90113
66838
98651
67681
63263
69129
96312
16537
85685
61907
17283
52442
54471
45750
47687
96036
5022
53417
32126
35418
43636
19834
18113
52611
94094
65581
22228
96777
77066
11258
61251
59819
59362
71170
16096
82382
2812
3890
39475
45569
89133
71393
4249
32279
32490
47564
3303
19227
43639
91474
11653
91999
73774
38662
40778
20062
60325
39923
22165
50584
90788
1655
88171
84731
26817
49585
10926
44728
40616
48709
12352
64221
77059
61963
20347
8356
42963
2359
27324
3036
8864
49122
28423
92844
90916
58179
43414
46049
90878
42612
29922
11831
22954
8674
81069
91869
88717
11719
93552
75792
26986
76540
38108
37703
64502
45655
69700
37172
36672
33699
23279
39192
29996
76442
66291
18151
13192
83198
46763
78339
12848
72652
5956
79017
17839
76016
74193
91646
31274
53097
46773
5962
86556
13737
26003
14442
96982
28832
74368
97336
4838
55161
94292
41741
20570
25991
43896
59309
73475
99652
37658
61561
92226
6823
19444
36322
72364
63205
37430
10836
24590
29576
58583
60843
70075
24095
28688
18181
16615
5125
66199
28828
44178
53377
16238
84566
6890
7910
93991
77641
98685
20614
45753
1214
47509
38078
26987
76180
26100
58038
36096
82673
35297
5357
77466
93941
56086
7040
86870
71083
63698
6509
98776
79208
28928
83366
79214
56229
61519
6086
7761
31056
90833
17597
46967
18306
38577
92684
12377
97315
53872
70924
57926
5081
19136
62171
14814
72193
14367
16687
45165
48858
95582
21179
4605
86251
20281
11116
75423
1760
94475
10840
70263
38335
4413
51938
39241
11761
47587
60734
80394
47503
94721
31067
60132
73939
43112
56865
35603
61085
33438
1308
61135
44034
23348
22458
23067
38916
78626
47664
94883
17872
68113
8650
64461
88223
33303
76439
72126
56230
86888
67745
42061
55738
62093
17654
51166
99474
86983
89756
41874
92949
61339
51241
21453
76563
91622
79898
6150
40008
2136
11723
25808
50490
19510
64674
38804
40319
63018
6708
47736
38512
16903
79324
10146
39499
45034
42051
67118
29395
54501
78352
11677
22331
76868
85892
12282
22346
2910
92292
22387
63776
12165
95510
89215
57487
48038
62171
94895
9110
72244
81929
61534
44047
68439
32122
41728
41081
68164
35630
98545
23825
84957
65000
3240
63499
13304
53117
1400
25979
25831
38954
79586
59873
31078
93779
25743
44333
45776
35194
19755
49928
24837
24702
81512
72400
91599
6609
99899
74282
92810
85688
46206
51501
56970
22668
50890
70570
94845
28343
37851
39207
68577
1710
81939
22331
44181
91794
11152
38172
10978
69360
20170
70788
50187
68851
59268
11486
93927
65074
14577
21652
69796
70615
59281
67432
25513
57885
79320
49937
43926
79410
1406
16246
80516
89300
33212
31160
39759
96110
9898
83950
30950
65369
84397
49863
99173
98043
37194
76170
86120
63739
1315
2023
30600
63091
43428
79948
92080
58112
41596
82905
77555
36257
50302
30192
93005
83798
13239
72024
98999
91057
19242
18381
28271
36942
7275
41680
14147
64419
19379
60101
9494
52596
53456
23236
55630
4567
17159
84908
7485
54907
5944
92818
21014
66272
59400
82913
76365
49309
65149
68705
61220
32610
25113
2300
6011
44393
87589
46731
67779
18655
13117
66050
36588
64812
52110
73435
27946
31507
75512
28032
98323
94641
50102
20479
71191
41663
11643
31630
64870
96751
38831
50838
17783
29836
82601
46766
60850
38060
59572
10552
30449
2032
85338
3172
60433
58954
2790
6626
56966
72439
42428
96016
70149
33684
21629
68800
60670
57027
50663
56705
69908
84516
35869
69342
80658
80155
74974
50380
26463
14932
47907
31145
14930
65774
65633
63374
45094
95174
87898
76400
5600
6203
68692
84179
30495
98232
42244
89356
24332
40339
39504
74708
71167
39062
47240
95878
85746
78349
32630
89889
65735
71490
31801
19748
8576
11136
98840
54781
1785
95538
68501
13443
81968
28459
34655
17808
39229
15511
67408
24048
80236
10827
47782
92948
84642
68996
55627
70659
12019
31922
48675
39889
2820
28159
80477
2801
44585
91592
96923
70992
91791
7139
89020
36064
70020
94000
55102
6648
71938
24000
26299
66789
70935
75507
59193
43617
46317
18766
46143
87006
46545
9698
63489
74358
88476
68913
62846
1077
89542
23141
21817
14581
19445
34711
6814
6584
87410
41094
33651
28236
14776
58612
77635
20542
12267
15825
69211
74372
83398
63356
77241
60811
24786
45643
82703
25961
93034
10377
92050
31204
98307
3073
64170
63616
32725
65846
48370
98862
86198
29188
37774
77273
42672
77094
57728
58120
2985
67078
13146
51332
66168
54118
70112
19231
33645
94767
59197
94069
23474
95462
71703
45194
12193
67142
12714
8582
12808
74547
34961
52082
74420
44099
12417
23436
90704
3550
10301
27258
83696
8786
69974
62431
73359
14106
47618
61593
87759
16769
15817
71611
63125
60694
10850
49128
34072
73337
70734
64511
58983
41121
84213
2585
8456
55834
97872
41934
3946
69433
55526
9731
55483
77247
95415
98785
61932
56668
41176
40967
41556
26739
92750
93561
96901
22376
65656
59068
94042
55059
48802
60379
89576
69767
21547
46806
58034
33062
33502
58413
59627
89277
22762
40437
15604
81285
21621
34034
4846
43601
40656
1836
59214
14101
37647
37892
21778
91729
90637
10727
89975
18994
89716
82527
68994
32228
40234
45322
57694
4193
87532
67893
9049
33354
67594
88854
70408
44212
20760
63341
47733
15885
39976
52400
80079
37766
43752
79350
81059
72857
73125
49671
58033
20933
54187
97031
57380
17028
13858
30645
98328
59747
98262
2190
39691
31253
36869
40688
4819
58055
37201
25275
10794
2441
45768
93268
12501
29000
5579
83650
42485
61221
79295
98480
5660
1631
34303
79769
90802
24660
95224
92481
29439
72999
38912
61988
52870
52621
29938
95109
92395
9770
93550
28339
13815
95078
61281
34964
84849
19027
73623
60553
92983
20802
14681
38614
44024
65022
22104
93859
98648
20495
36803
57334
78695
57835
70931
36245
15038
15952
60396
99978
97481
54302
7717
90834
67911
45834
75124
31837
72939
50116
57727
5469
34748
4394
1292
68480
24036
18453
55709
34271
58371
58929
16969
61378
45031
13976
39389
97374
88011
43437
9230
22164
89253
40270
40897
1087
49636
92977
11307
20989
44382
53663
80765
95020
34113
6327
80430
24308
25809
13896
56866
46412
94985
93513
34317
4882
33251
33510
17868
14823
52707
62460
35506
92199
99194
38794
67999
