1000
9499
9491
9838
9697
9049
9160
9914
9893
9672
9154
9152
9231
9948
9144
9052
9194
9426
9522
9634
9961
9297
9811
9158
9808
9199
9450
9962
9328
9780
9585
9401
9374
9703
9215
9934
9165
9636
9878
9755
9986
9233
9843
9448
9181
9920
9351
9042
9123
9258
9387
9491
9287
9326
9515
9925
9035
9932
9953
9424
9189
9901
9601
9818
9884
9414
9133
9156
9299
9573
9210
9872
9339
9142
9998
9249
9194
9656
9603
9699
9951
9624
9957
9879
9863
9829
9446
9475
9017
9058
9916
9972
9009
9476
9739
9969
9151
9180
9125
9793
9129
9381
9533
9085
9650
9342
9854
9542
9735
9038
9223
9580
9634
9248
9849
9779
9773
9623
9375
9402
9171
9421
9486
9367
9623
9351
9278
9882
9032
9507
9307
9663
9131
9744
9834
9388
9892
9960
9225
9330
9918
9730
9630
9301
9998
9405
9933
9239
9555
9050
9212
9680
9455
9424
9141
9214
9136
9502
9868
9738
9835
9144
9564
9688
9899
9307
9910
9196
9552
9526
9003
9681
9467
9565
9742
9515
9817
9666
9202
9394
9573
9833
9882
9618
9617
9212
9464
9317
9704
9860
9782
9341
9244
9863
9136
9714
9317
9659
9021
9502
9077
9793
9016
9759
9293
9709
9379
9263
9316
9315
9982
9453
9589
9773
9185
9814
9957
9564
9532
9029
9565
9497
9548
9194
9547
9226
9264
9117
9074
9962
9866
9506
9120
9114
9650
9415
9508
9147
9549
9086
9074
9539
9268
9386
9195
9563
9692
9823
9272
9884
9446
9246
9901
9078
9109
9027
9566
9034
9403
9482
9778
9217
9578
9821
9363
9679
9678
9695
9585
9877
9474
9101
9191
9047
9659
9414
9108
9634
9501
9565
9243
9397
9196
9010
9961
9502
9956
9722
9550
9758
9674
9133
9767
9467
9739
9624
9296
9255
9991
9858
9028
9636
9825
9853
9568
9161
9502
9018
9714
9484
9710
9866
9700
9818
9966
9835
9585
9913
9284
9392
9107
9255
9986
9565
9816
9680
9880
9310
9785
9801
9727
9724
9702
9994
9989
9040
9286
9512
9443
9249
9284
9177
9387
9965
9404
9926
9298
9724
9230
9281
9994
9954
9665
9297
9709
9083
9462
9436
9204
9764
9188
9414
9334
9097
9179
9534
9164
9203
9082
9421
9681
9621
9307
9825
9304
9638
9452
9060
9901
9851
9962
9620
9831
9306
9065
9608
9912
9505
9085
9337
9971
9039
9229
9515
9003
9753
9031
9744
9872
9851
9652
9430
9212
9476
9557
9621
9248
9721
9936
9453
9401
9770
9463
9155
9222
9728
9715
9396
9158
9998
9617
9670
9986
9151
9431
9372
9585
9976
9514
9732
9711
9734
9047
9081
9271
9304
9922
9081
9279
9257
9451
9895
9120
9954
9335
9280
9584
9073
9245
9984
9171
9071
9083
9976
9819
9994
9677
9964
9332
9420
9397
9843
9509
9713
9825
9456
9110
9429
9600
9355
9792
9245
9215
9282
9219
9822
9298
9923
9402
9584
9290
9603
9590
9525
9251
9248
9301
9336
9050
9592
9383
9034
9077
9447
9282
9913
9968
9255
9581
9785
9699
9778
9161
9525
9776
9004
9254
9515
9859
9055
9749
9875
9599
9451
9451
9067
9270
9543
9762
9732
9084
9108
9395
9786
9744
9858
9668
9864
9848
9282
9190
9393
9527
9032
9941
9865
9305
9507
9025
9470
9208
9841
9166
9217
9912
9497
9042
9678
9377
9085
9572
9345
9711
9510
9837
9373
9854
9934
9635
9638
9339
9175
9921
9943
9390
9830
9661
9206
9731
9716
9418
9411
9689
9712
9144
9783
9240
9394
9065
9000
9031
9333
9560
9851
9314
9650
9551
9446
9805
9705
9647
9279
9052
9384
9083
9015
9510
9082
9583
9463
9659
9900
9039
9036
9247
9718
9127
9587
9060
9876
9355
9741
9836
9346
9275
9935
9052
9481
9126
9114
9407
9893
9451
9073
9855
9416
9532
9293
9256
9063
9864
9945
9270
9076
9366
9155
9664
9352
9227
9434
9684
9470
9182
9358
9182
9200
9635
9651
9052
9081
9675
9631
9104
9033
9472
9253
9253
9750
9106
9368
9552
9694
9283
9420
9868
9889
9827
9315
9017
9171
9291
9941
9849
9942
9051
9110
9015
9391
9568
9986
9285
9929
9673
9529
9277
9822
9430
9559
9468
9593
9971
9762
9953
9199
9790
9135
9206
9647
9185
9621
9308
9181
9651
9200
9147
9706
9900
9384
9028
9625
9875
9610
9940
9175
9072
9610
9759
9504
9137
9118
9446
9545
9210
9864
9875
9410
9252
9325
9906
9451
9891
9246
9517
9388
9270
9003
9816
9424
9492
9129
9633
9276
9028
9571
9958
9066
9732
9753
9153
9093
9379
9725
9976
9451
9596
9527
9232
9029
9963
9954
9824
9985
9851
9858
9624
9737
9515
9435
9868
9663
9067
9342
9857
9901
9191
9083
9990
9107
9653
9036
9190
9958
9136
9181
9573
9690
9022
9990
9370
9614
9011
9103
9683
9216
9559
9514
9913
9256
9815
9189
9071
9709
9796
9098
9399
9433
9819
9791
9107
9720
9354
9878
9518
9496
9516
9513
9082
9471
9254
9799
9934
9314
9663
9306
9132
9860
9979
9630
9745
9504
9777
9473
9638
9733
9906
9250
9166
9661
9041
9293
9772
9638
9646
9381
9576
9001
9850
9505
9602
9713
9243
9640
9190
9820
9486
9858
9155
9999
9861
9447
9314
9351
9631
9956
9132
9184
9066
9223
9642
9075
9400
9782
10000
9962
9113
9039
9055
9419
9961
9904
9781
9417
9910
9060
9765
9905
9744
9859
9646
9307
9170
9160
9624
9782
9695
9898
9548
9970
9969
9931
9152
9320
9024
9408
9232
9237
9043
9131
9009
9655
9507
9715
9921
9004
9678
9203
9133
9804
9815
9619
9080
9638
9544
9228
9767
9860
9629
9341
9849
9238
9958
9537
9848
9152
9272
9341
9706
9310
9977
9646
9105
9236
9315
9356
9031
9321
9106
9065
9378
9827
9511
9749
9742
9458
9322
9798
9460
9208
9855
9278
9014
9587
9620
9626
9726
9718
9932
9702
9535
9420
9124
9843
9051
9007
9421
9846
9704
9659
9505
9674
9455
9492
9784
9933
9205
9583
9438
9713
9823
9843
9568
9629
9447
9782
9092
9505
9589
9569
9353
9130
9408
