178708936
64634961
842647024
74787005
972157522
299559160
651841867
520280705
162594147
337865872
973722838
586691403
520169846
695842547
965813228
600118444
686902502
316209288
597294098
521849675
204473045
888178918
446502399
557507995
206685778
651359506
707613019
842333757
37213351
523085586
685216330
965701995
471589633
463096501
559564741
74262198
690204756
816069342
804767122
389661865
411926618
505776409
224863832
520519230
191006603
814305260
344630527
360553463
928436895
795072195
64634961
326324116
330331440
625169773
32617095
348856472
41513799
692496844
705836046
535126176
748509603
824946482
372479485
123617554
46372242
869676372
956069923
609320468
706429201
155802864
4274391
417160485
263689206
852697077
246804414
600118444
885424874
301968478
384038829
252162786
882539559
387157932
901790943
506727735
239855454
933957853
730195947
285647204
668825608
567489968
487634389
278094613
346464573
793289110
369021186
557901804
209006513
785272481
628188541
867383957
196028618
502768872
915360399
484917729
838920824
886547701
563471672
475487745
598931317
805916401
282978777
597294098
878884849
168472221
600213629
122555002
714477379
325242322
882460615
55700833
199777646
155376230
738964709
714477379
814305260
127820418
947192214
529958050
273862631
364196295
903883203
606814871
42663087
723174616
98430853
683046877
284954980
2644057
109648913
952291073
277379840
336482708
537007660
852697077
664280492
616685630
933652874
293180706
78712250
788892194
660547773
718076266
705836046
335579889
126003556
967892210
229564077
812261514
766889956
927715897
695842547
531123139
666107530
270674317
364196295
119115457
715218456
615060760
373535669
871801707
151035087
473731301
14506563
534313183
625169773
404116055
259737519
203548755
877562880
706429201
301219333
947192214
67133328
857480978
788892194
713201651
109494926
959910681
63534926
483382657
128049990
568457752
506727735
967892210
903384615
109494926
112111271
454388538
229564077
196945873
628188541
531744472
552523113
462086157
907299827
908148844
542006262
586679418
609575421
237875223
628427068
138859844
122555002
639644635
725279256
387157932
531123139
673778671
555260120
14506563
741740314
193132418
600118444
95827314
199353274
184284497
290766389
819067273
707613019
701409693
628308904
100602927
269943192
484917729
507812991
811817009
784572277
197824074
854047057
819067273
108739160
946754260
391446271
199620450
574824833
794045707
843777220
13469853
123617554
933957853
510946785
748509603
622596824
139951597
41630377
454169174
439416293
479307542
549791299
532599231
882400974
502608179
540156982
804955252
584160679
170041096
746280695
523085586
183266849
706015831
552724234
767871304
865584693
112111271
46372242
429188820
597294098
704146009
14506563
544897378
690292819
715218456
302347498
521849675
229564077
759994420
9244246
299801740
830212728
4030750
869676372
77435647
473731301
793289110
882539559
373205602
528730132
822014268
308234139
595107441
690204756
894673527
185045292
739866469
152597605
229564077
736112440
903384615
265041087
368281173
701409693
693271259
372479485
408993738
927715897
523085586
460341371
909848751
260494764
793691122
528730132
389661865
14506563
64707466
660547773
620295276
403721606
151072409
57720081
479579095
737443768
582440146
49036304
930677456
8430823
118095714
247925038
136751625
246804414
909848751
582490283
795072195
769632401
273379952
211615932
491272331
737443768
408929611
31625479
49036304
132810993
581820024
204473045
907299827
976655575
456552254
271509038
942907185
428469625
866457639
46372242
1919833
296707932
395757575
85698048
721270429
824026028
127014696
199777646
151035087
546395957
364196295
894673527
293342967
380458039
639902737
761878584
748509603
483523188
707613019
806774264
879244395
328778935
985554337
155171337
289738324
735889250
915360399
36205206
928337760
491175915
262927000
625169773
871801707
501631907
542618114
42663087
4274391
483523188
714112461
22238571
788892194
346464573
857933873
546395957
878884849
907950950
538486135
628427068
685216330
356713199
346169375
701990609
560901829
493514901
351416987
283937240
446502399
852697077
857480978
390194443
389661865
557901804
778445734
606142917
523085586
527169533
936556921
243941997
181326025
359724603
865584693
932096355
84004723
293342967
522312431
932096355
537983814
228592765
77836277
527904960
100602927
132810993
604266242
579732230
388823465
34519758
27931321
909075778
55700833
249954108
976655575
527169533
680231872
49036304
507754231
738632672
399554767
230733767
690292819
505776409
995306102
542365031
894673527
807706558
486193865
845103771
836395520
958468366
137048782
27931321
463096501
525248593
99144109
400062454
491272331
853598419
882460615
388823465
870226034
301968478
26411988
204079034
201442670
878884849
537007660
519071857
78712250
7785986
591924483
439416293
196945873
380123452
525248593
460341371
389017428
528730132
63330219
151072409
384038829
532599231
152597605
204079034
464965281
611484783
342405532
625169773
852471096
507728012
218269877
550444613
80682160
77836277
77836277
566941449
15388756
808565491
937101023
243941997
21196626
429188820
494612205
372592856
42663087
308234139
914470620
194619744
340544946
525248593
317173656
705268384
486898607
529958050
511258485
604078577
121991076
273862631
488135270
249706227
593683103
911237706
711562899
882400974
289738324
741740314
344630527
170041096
440442888
915360399
190161188
423826646
181326025
716730552
385191292
447384086
886547701
559564741
185714976
380458039
417160485
267486769
429702304
59128768
815702371
735988349
36446347
540449974
61225323
160449517
261671052
53680731
945759802
455332812
695842547
929532403
673015533
877562880
985554337
769600455
542618114
689441961
520597222
483523188
63845275
484917729
406451966
933957853
42855931
337361805
376029778
537983814
965813228
987801586
976655575
835163945
716730552
127014696
226086423
346169375
112111271
575815584
491175915
706668647
453417330
483553579
911989231
251288526
761878584
730327989
958468366
163810882
554192788
967908735
864594720
77595812
965813228
345237210
209973246
269943192
425070505
520280705
77836277
34519758
974521241
465571255
673778671
462086157
785508406
307538266
194619744
567254642
15388756
508015647
949447722
701990609
771300730
226547115
116905935
24095884
399371854
249706227
645262527
710431304
645262527
583053089
185714976
322307578
965813228
932096355
845448016
765098514
643106332
991026238
681816771
271933352
271933352
481761216
718407831
600699838
615060760
770172893
470746396
230733767
812261514
187044980
743702912
609575421
285647204
55700833
382234161
511258485
168472221
646683826
968994424
486193865
835163945
532955106
739866469
389661865
294430338
306039650
934974518
165843532
496216844
400062454
22238571
189275101
977611555
989140811
928337760
937101023
692496844
206685778
645889450
918793424
540449974
376029778
639644635
546395957
606382904
520519230
322307578
583053089
784572277
203114571
575815584
987801586
595107441
504424429
550444613
697714935
234218997
267486769
866839623
697714935
552523113
982736169
803246541
988037961
933957853
998503127
155802864
194619744
550444613
619770631
156062428
355582119
690876321
77836277
935055821
510946785
5864069
98430853
15388756
871801707
64707466
705836046
62458288
867383957
681205937
717638477
595107441
607862479
48040369
663552275
243941997
501631907
447892989
110408785
908148844
465623839
527169533
77836277
614949365
486898607
910437348
555260120
130251131
132810993
147377809
580256362
483523188
308234139
882539559
121198582
625169773
336404072
812261514
903883203
566941449
838920824
641387545
748509603
767871304
976655575
991106947
793691122
943287893
706668647
317173656
48040369
967892210
520519230
706429201
518019673
968296669
991106947
764883008
746720187
499289043
597924384
775213155
504211479
189275101
936556921
460341371
785508406
435732995
535126176
249954108
907299827
775110554
763449400
487953247
401280240
680231872
586993645
793691122
195761979
92517089
816069342
386539342
875576346
471220009
779100511
127014696
521781970
342405532
344862646
559564741
63845275
903883203
328778935
346227527
63534926
27236904
336482708
550993514
982736169
163194346
113908368
380458039
210484694
690876321
40173004
711562899
36446347
417912260
462086157
739643874
380458039
364514472
196028618
133098099
132100622
412043915
735889250
569191599
542365031
544897378
358268687
317173656
956328055
155376230
308234139
701990609
371486360
818816004
380123452
63845275
814305260
765098514
759994420
346227527
642462763
663552275
805916401
601408790
771276779
285594881
483382657
124233428
707613019
406571054
491175915
507728012
57752017
521849675
5100170
541807922
884751440
119115457
761878584
919818710
783855459
42663087
852471096
364514472
364196295
192556358
299559160
882539559
483382657
746280695
403101769
193132418
658687562
369021186
673786657
973722838
154673565
228224988
185841708
910437348
194271734
680812151
606814871
278094613
414366033
273862631
351416987
429702304
611484783
170041096
824026028
869676372
406716730
435732995
832137238
277355664
380458039
280996938
231149363
77435647
63534926
521323814
128049990
168472221
824694068
48040369
899100480
340544946
973722838
13469853
128049990
203114571
403721606
349554261
364514472
158175207
715716790
609575421
963497497
542618114
699932693
718407831
985554337
555624704
743702912
621625079
218269877
534313183
154695326
767753182
559996396
566916213
593683103
974521241
127820418
777823712
251288526
806774264
294352233
108521152
483553579
41513799
582440146
497598368
230733767
507939020
505776409
968994424
253823714
199777646
512597979
959910681
112111271
735889250
4030750
718076266
62458288
317237315
616685630
682247204
226086423
701383706
542365031
843777220
505776409
739866469
521323814
380123452
483382657
774459631
735889250
138859844
25544625
953420529
822760429
185841708
